5.841317601020966019e-04
3.807862994045807872e-03
5.082034278839769013e-03
2.183159609353723871e-02
5.372175358774027021e-02
7.726118478290495972e-02
9.418037035843949967e-02
1.111670221073717268e-01
1.204097947518997513e-01
1.301735352954715152e-01
1.400184482926417062e-01
1.518462930003854072e-01
1.681109647794626349e-01
1.841170454865765915e-01
1.940815512394867548e-01
2.066130670131455516e-01
2.182334500627522433e-01
2.300186036313618398e-01
2.406406283965513149e-01
2.443121426630669724e-01
2.450464865500894818e-01
2.457471977251804163e-01
2.452680997089346504e-01
2.451068825875634682e-01
2.471920449335821002e-01
2.481226778854323445e-01
