1.224148701375814596e+01
1.238295864935988533e+01
1.232503604716981194e+01
1.161840553771471285e+01
1.081887483578792342e+01
1.013543067302452272e+01
9.396880569808647721e+00
8.511822063272726169e+00
7.637701401004305168e+00
7.013156259887005639e+00
6.380681105654761431e+00
5.771623499999999574e+00
5.108556019579404861e+00
4.454065321559970592e+00
3.816754404133998246e+00
3.213208554929577687e+00
2.607082374717832884e+00
1.988418822040208145e+00
1.355727236481615083e+00
1.293040627253064123e+00
1.216013136432926744e+00
1.116049171680117080e+00
1.083275300358422788e+00
1.061424329241877240e+00
9.787538621933622451e-01
