0.0006740928300253587
0.004374989137768858
0.006178990921822939
0.035938347136234894
0.054460136105504785
0.07490751540350146
0.14336100801610738
0.18485429882290225
0.22638118913107685
0.268549898464864
0.30927611271692124
0.3498752656934028
0.37771849261579765
0.4070469794979147
0.43694030152894114
0.46705261187010266
0.49812345679079584
0.528377384961508
0.5414988347438723
0.5605251567953655
0.5772569763023258
0.5949444648283392
0.6126212332943524
0.6305140461778609
0.6480990383345514
0.6659659979065318
0.6896534361108839
0.7216536954988455
0.754974858500084
0.7888650745659704
0.8233482997882734
0.8566511127662847
0.8905802235624822
0.9234899137215169
0.9453024363945137
0.9695487347533941
0.9990360051906071
1.0209475912044856
1.0431823016906756
1.066883656487094
1.089864113082228
1.1132123378205843
1.138492054977461
1.161620007304507
1.1850996852235995
1.2114240312321491
1.2600220773361888
1.3087991591878971
1.3203026734590866
1.3199760875321296
1.3211144992586394
1.3235413775412592
1.3227429191176554
1.3221789662311147
1.3228123900121234
