1 3 224 224
1 56 112 112
1 56 112 112
1 32 112 112
1 32 112 112
1 32 112 112
1 40 56 56
1 40 56 56
1 40 56 56
1 40 56 56
1 40 56 56
1 40 56 56
1 72 28 28
1 72 28 28
1 72 28 28
1 72 28 28
1 72 28 28
1 72 28 28
1 144 14 14
1 144 14 14
1 144 14 14
1 144 14 14
1 144 14 14
1 144 14 14
1 144 14 14
1 144 14 14
1 200 14 14
1 200 14 14
1 200 14 14
1 200 14 14
1 200 14 14
1 200 14 14
1 200 14 14
1 200 14 14
1 344 7 7
1 344 7 7
1 344 7 7
1 344 7 7
1 344 7 7
1 344 7 7
1 344 7 7
1 344 7 7
1 344 7 7
1 344 7 7
1 344 7 7
1 576 7 7
1 576 7 7
1 576 7 7
1 2304 7 7
1 2304 7 7
1 2304 1 1
1 2304
1 2304
1 1000
1 0
