33.67925921859707
34.41967393103449
34.11966728934011
33.299485485099346
32.7911794344942
32.28673509739131
31.212448028985506
30.278139170926515
29.38933344833068
28.449262083881578
27.57934019295302
26.632292333878887
25.636016010101013
24.972856658493868
24.304655553082192
23.634586974440897
22.910018225806454
22.249166132075473
21.66769474657534
21.008121601694917
20.29792024165342
19.63234560632689
19.041986812903225
18.34968647227192
17.691717925087108
17.050178234079173
16.392615429577464
15.698226037854889
15.093631775119617
14.469148823214285
13.830514466777407
13.20843812248322
12.567413141608391
11.907781234505864
11.271191909722221
10.617829148788926
9.930215295202952
9.270172096885812
8.624390893884891
7.951540314236111
7.292372599675851
6.638588765217391
5.955238828859061
5.2918427118644065
4.629751848537006
3.959879561371841
3.11519572053872
2.2448545551724135
2.184852278125
2.114997560143627
1.977726699074074
1.9474383125
1.9226379593220342
1.7652843233333333
