6.110208191889118963e-04
3.912336626678883898e-03
5.135303532322969475e-03
2.199223312740627642e-02
3.289620122873683494e-02
6.477145144080483086e-02
8.912642258423948693e-02
1.130535813175821136e-01
1.299728677747878647e-01
1.461012114023276798e-01
1.624063164442047236e-01
1.729954235089152803e-01
1.823603478015406731e-01
1.920308541043296846e-01
2.015165304284032566e-01
2.137683548722718041e-01
2.304119694291637266e-01
2.461732249582763432e-01
2.625981645654953955e-01
2.722281926131214780e-01
2.839803906849560078e-01
2.963276411850005454e-01
3.083014899916823870e-01
3.194408835980921402e-01
3.295966095416860697e-01
3.488865891545863684e-01
3.515615418111389112e-01
3.534420845818497248e-01
3.537963398279470595e-01
3.538643551827731493e-01
3.544481576106823240e-01
3.575162840120369445e-01
3.615345326464354326e-01