1.653090216556291381e+01
1.668577186529680390e+01
1.662194549824970835e+01
1.593457165241844820e+01
1.544291691024287161e+01
1.467450919910514529e+01
1.401870384948688830e+01
1.335611567857142568e+01
1.263235071543778787e+01
1.177592528508287373e+01
1.091152330098146273e+01
1.004743018807339539e+01
9.439855519466075151e+00
8.828158766407119273e+00
8.225732435174746726e+00
7.635544004296455967e+00
6.992234761013215838e+00
6.357490470095693347e+00
5.706886390526316077e+00
5.091901279558012305e+00
4.513490432954545106e+00
3.920762127494457072e+00
3.336703732142856982e+00
2.744219257014590241e+00
2.152225352557127103e+00
1.484745153754469582e+00
1.422984570438799112e+00
1.350945330444203840e+00
1.254481567508232587e+00
1.223982119244392042e+00
1.199150160550458644e+00
1.119304533957845349e+00
