16.57647272727273
16.087712
15.737067999999997
15.473701000000004
14.846794
15.074983999999999
14.745240000000003
14.230322000000001
13.156741
12.758694000000002
12.345786
11.931387000000003
11.124745
10.761723000000002
10.412457
10.067505
9.7023059
9.353123900000002
9.035871799999999
8.6913391
8.3047562
7.9480305
7.602671899999999
7.231794299999999
6.886296900000001
6.5232934
6.1563281000000005
5.8019598
5.4352521000000005
5.076515499999999
4.7497733
4.3456326
3.9874146000000006
3.6163595
3.2278904999999996
2.3678159
1.9323807
1.4715942999999998
1.3429623000000002
1.3116794999999999
0
