1 3 224 224
1 64 112 112
1 64 112 112
1 64 112 112
1 64 56 56
1 256 56 56
1 256 56 56
1 256 56 56
1 512 28 28
1 512 28 28
1 512 28 28
1 512 28 28
1 1024 14 14
1 1024 14 14
1 1024 14 14
1 1024 14 14
1 1024 14 14
1 1024 14 14
1 1024 14 14
1 1024 14 14
1 1024 14 14
1 1024 14 14
1 1024 14 14
1 1024 14 14
1 1024 14 14
1 1024 14 14
1 1024 14 14
1 1024 14 14
1 1024 14 14
1 1024 14 14
1 1024 14 14
1 1024 14 14
1 1024 14 14
1 1024 14 14
1 1024 14 14
1 2048 7 7
1 2048 7 7
1 2048 7 7
1 2048 1 1
1 2048
1 1000
1 0
