6.613991442839098128e-04
3.920943727846638513e-03
5.197574207020018260e-03
2.208919466610148249e-02
3.276212085124409479e-02
6.504999572685261910e-02
8.881074649039139013e-02
1.124741822280659886e-01
1.295453575819002778e-01
1.492669395277990418e-01
1.697359564459681169e-01
1.800264642599879450e-01
1.903891965016262233e-01
2.015352565528971684e-01
2.126129716931893787e-01
2.249360637630041515e-01
2.420068320307270093e-01
2.600344824076602501e-01
2.771361886496935267e-01
2.896286302551864256e-01
3.020832921138896232e-01
3.136948475844263950e-01
3.265089110963944607e-01
3.404150934742646850e-01
3.519107064795697903e-01
3.740776353626713568e-01
3.783207870075597223e-01
3.786023885227373653e-01
3.793083880629384286e-01
3.798190000857354920e-01
3.817827411075062072e-01
3.837985229621346250e-01
3.886544326754724324e-01
