1.643666713127853996e+01
1.653256055505617894e+01
1.645456321948488565e+01
1.579034766778149290e+01
1.534186477197149756e+01
1.451875408070175411e+01
1.388047831907894825e+01
1.319806764367815965e+01
1.249818174745186816e+01
1.181448308680555392e+01
1.106870404587155754e+01
1.038059918337408227e+01
9.777727840308370943e+00
9.112479883203558728e+00
8.508218485327313729e+00
7.919422591166478398e+00
7.247257461451248162e+00
6.601013755555555917e+00
5.939207088235294307e+00
5.239478316079296150e+00
4.655778467203682602e+00
4.025397723516949355e+00
3.410531755775577878e+00
2.802628242290748695e+00
2.184602309471365356e+00
1.492105046750284991e+00
1.428939879023307213e+00
1.359513423937360077e+00
1.250491930177514810e+00
1.224384320410490501e+00
1.206124224858757144e+00
1.121518935593220245e+00
