2494.9494949494947
76600.0
7490.0
7870.0
6730.0
16050.0
20370.0
25490.0
32430.0
36630.0
40790.0
45210.0
49600.0
54140.0
58240.0
62600.0
71490.0
75740.0
79890.0
83980.0
88190.0
92350.0
96560.0
100770.0
104890.0
109060.0
113450.0
117420.0
121630.0
125950.0
129979.99999999999
134180.0
138280.0
142290.0
146700.0
150940.0
155100.0
159260.0
163400.0
167590.0
171790.0
176020.0
180150.0
184400.0
188550.0
192750.0
196870.0
201060.0
205200.0
209500.0
213580.0
217730.0
227580.0
234070.0
240370.0
241300.0
240750.0
240750.0
