22.258989898989892
22.232001999999998
23.315568000000003
22.162948999999998
21.419579000000002
21.846124000000003
21.250895999999997
20.779625000000006
20.494495
19.381086999999997
18.821337
19.701958
18.141158000000004
17.920838
17.280631
17.791733
16.031268
15.73097
15.364435000000004
15.013520000000002
14.997305999999998
14.321454000000001
13.963754000000002
14.357230999999999
13.273802999999997
12.854744
12.913901000000003
12.151365999999998
11.798728
11.423197
11.195582
10.709133000000001
10.363992000000001
10.360700399999999
9.657132799999998
9.3091749
9.084259099999999
8.584942599999998
8.364474900000003
7.8686460999999985
7.524741299999999
7.685323800000001
6.786778700000001
6.4483973
6.0859079
5.9603776
5.350021900000001
5.0090981
4.6403811
4.372131100000001
3.913489199999999
3.6533358
2.678649100000001
2.2123395000000006
1.7478641
1.8785592999999998
0
