8.769032811360328054e-04
5.091131607237411004e-03
6.789048544168851257e-03
3.077290714668595370e-02
4.550249534949880187e-02
6.007401663342168407e-02
1.108212877119514744e-01
1.509273975504157317e-01
1.911056123555499586e-01
2.319044702910517952e-01
2.719027435182957975e-01
2.992556330180327073e-01
3.246920383073550465e-01
3.511474904649476425e-01
3.750799189248241183e-01
4.000801953125851518e-01
4.126245343551977474e-01
4.278348945492703725e-01
4.421778088640649362e-01
4.581417556434286276e-01
4.724558456117784466e-01
4.899704174877403950e-01
5.025375303374791658e-01
5.209155234966508230e-01
5.479607136987746374e-01
5.768328939537296085e-01
6.046019892122981298e-01
6.321149864659486584e-01
6.592234359776550923e-01
6.861019410448877531e-01
7.024057526066419532e-01
7.187809739890240746e-01
7.406747713221611962e-01
7.601952925878712186e-01
7.792204516478995480e-01
7.998555253488910388e-01
8.171397965294340260e-01
8.390322900602702472e-01
8.560352340702532814e-01
8.782042915774105341e-01
9.188362214925459570e-01
9.552896909021811878e-01
9.651518861897654400e-01
9.635003932954597783e-01
9.690586943405807840e-01
9.670301314611821075e-01
9.661984316626520686e-01
9.700218225256076465e-01
9.694227987960305493e-01
