2.843696369170579175e+01
2.837855438429053834e+01
2.833018049360613944e+01
2.779636736903831107e+01
2.733587787460567853e+01
2.683499484669260582e+01
2.614546417147310819e+01
2.524281238267716176e+01
2.435320101551020500e+01
2.343339469230769012e+01
2.251090431366459654e+01
2.160806219083969282e+01
2.096751110073111235e+01
2.030215039999999860e+01
1.964913467161844807e+01
1.897167043082706783e+01
1.832371141117917546e+01
1.768503251863857528e+01
1.702943981158301057e+01
1.640402105180534065e+01
1.575652345239908492e+01
1.511090998732171364e+01
1.447104502139461069e+01
1.377193565874233094e+01
1.316379307272727317e+01
1.253313763145539994e+01
1.190681492447129841e+01
1.128634200385802444e+01
1.066711062640901808e+01
1.004609297160883230e+01
9.436103783385092925e+00
8.790984274281274935e+00
8.162588213166143802e+00
7.528586805147059025e+00
6.886170104857363583e+00
6.247810380032206012e+00
5.616957974673829845e+00
4.977834389705882323e+00
4.325612555473916210e+00
3.676112583865815076e+00
2.888551567843137491e+00
2.093910182448037283e+00
1.995458320454545520e+00
1.924105088012139531e+00
1.853722208955224104e+00
1.820823719917012307e+00
1.794496774157303465e+00
1.703891366863905299e+00
