1 3 224 224
1 48 112 112
1 48 112 112
1 24 112 112
1 24 112 112
1 24 112 112
1 40 56 56
1 40 56 56
1 40 56 56
1 40 56 56
1 40 56 56
1 64 28 28
1 64 28 28
1 64 28 28
1 64 28 28
1 64 28 28
1 128 14 14
1 128 14 14
1 128 14 14
1 128 14 14
1 128 14 14
1 128 14 14
1 128 14 14
1 176 14 14
1 176 14 14
1 176 14 14
1 176 14 14
1 176 14 14
1 176 14 14
1 176 14 14
1 304 7 7
1 304 7 7
1 304 7 7
1 304 7 7
1 304 7 7
1 304 7 7
1 304 7 7
1 304 7 7
1 304 7 7
1 512 7 7
1 512 7 7
1 512 7 7
1 2048 7 7
1 2048 7 7
1 2048 1 1
1 2048
1 2048
1 1000
1 0
