6.523840183027978558e-04
5.171236949819762833e-03
6.744883389845411290e-03
2.754839450380420357e-02
4.249858962300118864e-02
9.247337195212423921e-02
1.240729641693666396e-01
1.553862060851283755e-01
1.775146632002861380e-01
1.972582253994706325e-01
2.176932138922016979e-01
2.282813984525026985e-01
2.406502903679262895e-01
2.534252498247338559e-01
2.637358237166727570e-01
2.757848534887624159e-01
2.889897373131227742e-01
3.106414472265375815e-01
3.300140893287369925e-01
3.498449340013516373e-01
3.715522582758021275e-01
3.841580098219941619e-01
3.983904254059777439e-01
4.139619875583011588e-01
4.273604343076734535e-01
4.409398988978999734e-01
4.557501536508010709e-01
4.711400332014937797e-01
4.957878789455956725e-01
5.011251283004847235e-01
5.011510652883764960e-01
5.014461601963414727e-01
5.010735270460681123e-01
5.015956921248205802e-01
5.053806838864475237e-01
5.115463453878862392e-01
