1.873096625246826363e+01
1.888531702653631683e+01
1.881520523209549367e+01
1.817686728965517418e+01
1.773901807617728110e+01
1.687513045923912713e+01
1.599067830440251647e+01
1.508232132611832377e+01
1.420052142458100519e+01
1.351942940080971667e+01
1.282056954189189213e+01
1.216115044560943481e+01
1.154460505921938029e+01
1.091770253665283619e+01
1.028138354706684687e+01
9.663600605191257742e+00
9.052803138545952422e+00
8.428275040787623240e+00
7.776905359722222855e+00
7.137129742506813201e+00
6.490025716292135094e+00
5.826106438858695391e+00
5.245321642346208790e+00
4.644830005471956902e+00
4.035716666666666619e+00
3.436076604411764990e+00
2.834395856953642046e+00
2.227846048342541074e+00
1.532499980670103179e+00
1.481811303597122320e+00
1.406897120956399405e+00
1.300739159090908981e+00
1.267997572625698233e+00
1.245846628571428472e+00
1.166097782857142828e+00
