11.99356868686869
15.704598999999998
15.427534999999999
14.847776999999997
14.724658000000002
11.431598000000001
11.869947999999997
11.797269000000002
11.429270999999998
11.397056
10.027385900000002
9.969043899999999
9.924815999999998
9.2608457
9.2089525
8.532811700000002
8.500484499999999
7.8833187
7.5660811
7.533590100000001
6.155731899999999
6.1454941000000005
4.750367600000001
4.7195844
4.4100621
3.8566727000000003
3.8260656999999996
3.2749188999999994
3.2430893
2.6643373999999995
2.6333814000000006
2.5201834
2.4867646000000003
2.4599299000000006
1.6193765000000004
1.5954495
1.7358023
1.5159198000000003
1.3409584
1.3239147
0
