7.681920395202694422e-04
5.428458570140111926e-03
7.190795394813380599e-03
3.193257065890349466e-02
4.732979500145689106e-02
9.775511620349132402e-02
1.303331269043051244e-01
1.626265245498023926e-01
1.946035018593421928e-01
2.176992070272792401e-01
2.401881997896655185e-01
2.633379377683458533e-01
2.863285240213877536e-01
2.991296569016593798e-01
3.116257549435706986e-01
3.230567996729639124e-01
3.375273128165439673e-01
3.511313627189060482e-01
3.645855156400278907e-01
3.810226310824327278e-01
4.052036210354085233e-01
4.285043872815328392e-01
4.542799368380557867e-01
4.783074667335053265e-01
5.027586772542358418e-01
5.177203569282620155e-01
5.367111863410587436e-01
5.536877729083685695e-01
5.710910030081015609e-01
5.883693316452182076e-01
6.046325871859949963e-01
6.204679083043632692e-01
6.377537413962436341e-01
6.566518900701087125e-01
6.939365242288271229e-01
7.031786878660788442e-01
7.063627521772687379e-01
7.034714540810305117e-01
7.070262198872119264e-01
7.050904533418999032e-01
7.067244131147750741e-01
7.082309573420584376e-01
