2.279820085526316120e+01
2.314569126070763261e+01
2.297645806137184366e+01
2.222590751693404698e+01
2.186904357058823578e+01
2.097976655655296341e+01
2.009815406468531407e+01
1.928764172296014934e+01
1.833863384574468114e+01
1.745316149180328225e+01
1.674739198252427030e+01
1.608933028185328595e+01
1.539719250278293039e+01
1.465988501851851922e+01
1.406048477007299269e+01
1.347318779850746218e+01
1.282702591535433179e+01
1.222594518683274067e+01
1.158041917667844345e+01
1.100119232945736591e+01
1.036012173144876414e+01
9.789616975791433973e+00
9.178157651162793584e+00
8.561414130268200751e+00
7.953841551785714614e+00
7.330350082289804448e+00
6.752515549056604449e+00
6.128634657534245633e+00
5.513848879924952762e+00
4.898370825396826334e+00
4.289165221601489719e+00
3.688887874517374765e+00
3.043705975238095718e+00
2.427805175090252288e+00
1.697542601818182062e+00
1.636786468421052687e+00
1.573356232432432611e+00
1.453376032786885430e+00
1.425076755258126271e+00
1.405065480916030340e+00
1.309610370510396971e+00
